"alco"	"money"	"cost"	"jiny"	"teatr"	"muz"	"book"	"alcom"	"bars"	"beer"	"internet"
"alco"	1	0,28666011703945	-0,274380475490378	-0,0574313240620031	0,00445625030241523	0,0257458241107682	0,374220080131237	-0,0325477912169785	-0,181327619662309	-0,179352166047238	0,0856197098154391
"money"	0,28666011703945	1	0,108282638252117	0,544909953276856	-0,0698064547222598	-0,0618823249996063	-0,00671451974048299	0,240298573135836	0,0604589613279711	0,0392725947444303	-0,0523467647734952
"cost"	-0,274380475490378	0,108282638252117	1	0,113399045953184	-0,190839889118829	-0,134744858043305	-0,172698628354778	-0,102768438257709	0,0600075283210157	-0,0874896176417559	-0,0390180380555558
"jiny"	-0,0574313240620031	0,544909953276856	0,113399045953184	1	0,209901492619205	-0,146043652573284	-0,214854166490595	0,248453389005467	0,134887207036237	0,17762118381624	-0,0908311526859548
"teatr"	0,00445625030241523	-0,0698064547222598	-0,190839889118829	0,209901492619205	1	-0,0663186076752661	0,0703144002854629	-0,0339774360626972	-0,317550541874059	-0,167570878402148	-0,0536693305340964
"muz"	0,0257458241107682	-0,0618823249996063	-0,134744858043305	-0,146043652573284	-0,0663186076752661	1	0,206425194225777	-0,148621844658064	-0,14714616695376	-0,285026681935191	0,0779507151269862
"book"	0,374220080131237	-0,00671451974048299	-0,172698628354778	-0,214854166490595	0,0703144002854629	0,206425194225777	1	-0,227155942438709	-0,151089179404485	-0,223961565199604	-0,109150814194339
"alcom"	-0,0325477912169785	0,240298573135836	-0,102768438257709	0,248453389005467	-0,0339774360626972	-0,148621844658064	-0,227155942438709	1	0,525827102122381	0,596498918664648	0,0938284700084824
"bars"	-0,181327619662309	0,0604589613279711	0,0600075283210157	0,134887207036237	-0,317550541874059	-0,14714616695376	-0,151089179404485	0,525827102122381	1	0,739612650986097	-0,087423573742228
"beer"	-0,179352166047238	0,0392725947444303	-0,0874896176417559	0,17762118381624	-0,167570878402148	-0,285026681935191	-0,223961565199604	0,596498918664648	0,739612650986097	1	0,011778501105742
"internet"	0,0856197098154391	-0,0523467647734952	-0,0390180380555558	-0,0908311526859548	-0,0536693305340964	0,0779507151269862	-0,109150814194339	0,0938284700084824	-0,087423573742228	0,011778501105742	1
